7577
7568
1994
7574
7567
15906
7578
7573
31073
7576
7572
132
12012
12010
12011
12013
343
248
11949
19986
9989
6826
31103
10426
2280
14085
10469
10467
11946
11945
11947
10336
1094
10333
10397
11871
4642
33437
7704
16753
10290
23987
6891
7702
38825
40
7587
7585
29823
7582
7584
2063
16889
9901
14483
17715
12473
7461
2672
30863
1692
27607
1856
10340
11254
20372
28528
12546
8965
257
10348
4892
24193
15937
26930
9839
24662
6096
19941
17017
2537
2545
2528
2538
2536
4658
25097
12530
12553
12555
13479
12535
12547
12545
12554
12544
7207
16873
692
14050
2522
10252
2524
9491
14368
14134
30405
14118
15475
30715
12019
9485
24635
6368
9451
1247
